8
8
8
83288838
88484883
84883830
83842832
84883888
88488438
38248848
28888388
------------------------------------
28822228
25848248
38338484
48488488
88422242
34833883
82483382
84848383
------------------------------------
23322884
88884488
84338858
84835858
34828484
28848858
34882384
88423858
------------------------------------
88888588
85458843
38886882
48588584
88438488
86884848
88442348
48888888
------------------------------------
33233848
88883238
33438584
83834858
34822842
28842583
22388884
83233348
------------------------------------
88288884
43484488
88858858
83488588
88485884
38488868
24844588
88888884
------------------------------------
83222228
83858834
32884838
32843224
84838238
84323488
88838843
33338438
------------------------------------
38882028
88588388
84842384
88488888
38338338
38883883
84482482
88883888
------------------------------------
