32
32
32
9342
10994
11111100011000111101100011001011
00000110110010100110101000111101
00110011000110010010001110000111
01101001001000111110111011011001
10111101011011100000001101010000
11000001001110001011000110010111
10000001100101101001101011010100
10100010110001001101010110010011
10111000100110110100001100111001
10101111111010101111111001101000
10110001001110011000001100001110
10001110010011001010001011100101
01010100101101000011000110100001
11101101110101111100011101011110
10100000010100000101010010101011
10110111001011111001110110101101
11011101110110001101000100110100
01100010100100100110100111000111
01011100111101110010111001101101
11010110000011011010010110101001
01100101111000010011101000100011
10100111001111011000101110101110
00100000101001001110110010100000
10110111010111010100011101100111
10010101010100101001000110011001
00011010001101011011111011001100
10101011011011100100100101100110
01111010010101001101110011011010
11000101110101101011011110100110
10110111000111001000100010110001
11000001011000100111011100001110
01111111010110110001010011101001
------------------------------------
10000010010111010010111101111010
11111001101101011001010111000010
00001100011011001101110000111001
11010110110110100000000110101000
10000010101100001111101010100111
00111110110001110100100000101100
01100000011011010111011110101011
01011111001110110010110001101101
01010001010001101011100011010110
01010000101101010000001010000011
01000110010001101011110011110101
01110001111100110110010100011011
10011011000110011100110001101110
01001010011010000011101011010000
01001110101011110010000101010101
01000000111100000110001001010100
00101010001001110011011101101011
10010011000000101000010000110100
10000001000000001101000110010000
00011001011100100101110010010110
01001010000101100100011111011101
10011000101010100111010001000001
11010110110110110100000010011111
01000000100001010011100001001001
11001011111010110110111001101110
10100110010011101101000100110011
11010100100000011011001110011001
10000011101110110110101000101101
00110010001010010100010001101001
01011000111000110111101101001111
00001110100111011000101011110001
10010000111101101111101110011111
------------------------------------
01010111111000101010001010000101
00100010010000100011010001110100
10010011100100110100000101000110
10110000000001011101110101011011
01101100100011100010000001010001
11000000001110010000111111000000
10010110100100101001000001010110
10100000110001000100010010100000
10101111011010001100011100101000
10101000010100010110110000001000
10011011000110011100000100001110
10001110000011000000000111100000
11100000110001101000001100010001
10110101001101000010010100111011
10010001100100011100111110100010
10111101001011101001101010001011
10100010110110001000010010011001
10111101001100101011101110001101
00010110111001100010111001000011
11101010100011001010000011101010
10100111101110111010000000100001
10100101000001001010101100111100
00110011011001101010100100010000
01001110101000101100101101010011
00111001000110001010001010001001
01100100001001010000100011001000
00111011111111100110110001100101
10001100000000001001011000110100
11010100110111101010101110000100
01000110000000001010000001110010
01001011011100010100100000001100
11100100000011000010001011100001
------------------------------------
01111000000111101111110111111101
01001101110101011000101100000001
01110110001101000011101010001101
10001001110010100010011010000001
01011011011010110101110110101110
10001010110000101111000101011011
01111011011011101010111010010101
10000001101101011001101111011011
01010010100110110101010001010010
10110100100011101001001110110111
01100110111000010011001011101001
10000000001001011010011000010111
00111001101110000110110010010100
01001100110010111101100011000101
01100110011011100011010001011101
11001011010100010110000110110000
01011101010101110100010100101110
10000011011011010101010010100000
11101001000110011101000000111010
00001101011100000000011101001101
00010000010011000101110110110110
01011101011100011101001011001010
11000000100110010001011001100111
10101001101011000101010010101100
10100110011001100001010010110101
10011001110110111111011101010110
11010110001000000000100100011010
01100001110111110111000111001010
00101001011000011101100001111011
10101101101111100000101110000001
10110000100000101111011011111011
10011111101110111001110000001110
------------------------------------
10000110110010100001010000100010
10110011001001000100100001011110
10000001011010001110010110010001
10001000101101111000100100110110
10100000100101001010101000101001
01111101010111000010011000100100
10000100100100011100100011101110
01111010011010000001010100100100
01001101000000001000010110101101
01010101011100011100100001000000
01001000000010100100110100001010
01111011110110101101000111001000
00000010010000110001000101101011
00101011010010000010110100111010
10100001100100101100000111000011
00000100101110101000111001001101
11000110101010000011101011000001
00110100100100011010001001011111
10010100101011000010101111000101
01110000100000010011100000110011
11000111101101110100001011001001
10000010000010100000110100110101
10111110111001101100100110011000
00010000010000111010101100010011
01101101100110010100101001001010
00000111010101000100100001001000
10100000100101011010110011100101
10100010001100001000011000110001
00011110100101100001010110000100
11000010010000010110110001011010
01001100011011010000100100100100
01100000000101000101001001010101
------------------------------------
11101101011100011110101110101011
00101000110110110011011011000000
10001110101011100001010001001110
01110101000000000111010101001011
11011111011011010100010011010001
10100001101000111101110110010001
11111010111001100011001100011011
10000011000011011110101011010001
10110101111010110001101001010001
10100010001011001010101111011101
10111011101101011011000010110110
10000100000101010001111000000100
01110101110101011100001010000000
11010000101101100111001011000110
10011110011001011001111000011000
11100011010101010110000110010101
00111001010101011100010001010100
11001011010101100101010110010100
01110010011000101101110000010010
00001110101011101000000111101010
10101000001010001010011100111000
01111101111011001001010010001110
01000001000110010111001001100011
11011111001100010010010111011101
10000010101011101010010010101001
11111000001000101010010100010111
00010111111011101110001101010100
01011100000010010101100010010101
11100011111010110110001010010100
00011100100110011011001101110110
10010110001100101010000100001010
10110011111011101110111111111011
------------------------------------
00010011100000010001110001011101
10110010001011000000000000010111
01000010110100101010100010110001
00101010010110011000001010100110
01001000000001101011101100101010
10000001011100000010001001101101
00100110100110000000010011010100
00001100011100100001110010101100
00011011000101101100000100110110
00001000100000100110100001000010
01000010110101001000011100000010
11110110000000100000001001111000
10000011011010010101100000101111
00101100010010010000110110100001
01100000000110101010001010101011
01011100111000100010100100101010
10000100000000101010011110101010
10111100101100001010000011101011
10000100100001010010001100001101
11100000110101010110111000010101
01000110000101000011100010000111
10000011001010111000000011110001
01011000111001100100101110011000
00010010000001001000101001010010
01110100100100101011101010110110
10000111101010010101011010100000
01100000000100101001010110101010
11000011110101000001011101101011
00011100101101101001100011001001
11100011011001001100100010001001
00101001110011010101111011100101
11001100000110110001001000010101
------------------------------------
11111010001111101110010111100011
10000101111000111010111010101000
11011101000111000110101100001110
01010001011001110101100111010100
00110011001110000101001001011001
01101110110011111101110110000000
11011001000000000011011000011001
10110011100110111000001101000101
10100000110000010111110101000001
11100111011111011000011100111001
00001101000010110111100011101101
10101001111110101100110010000111
01101100000000101011011110010000
11000111101111101100101001011010
10001010111000100100000111010100
10110001000111011101111001010101
01100011111101010001000100010001
01000010000011010001011010000000
01110011011110110101010101110010
00011101000000100000000101010010
11001001110110111100010100011001
10111000010101000111011100001010
10100111000110011001000001100111
11101101110011010111010101000101
00001010010101010100100101001101
00011001010111010110100101011011
10010011101001010010101001010010
10111010000100011110100000010100
01101001011010100001010100110110
01000110000010010100011101011010
11010010001010010010000100101010
10011001011001000011010111101110
------------------------------------
00010000110010010001001100001000
01100110000001000101000101101011
01000010000101011001010001000001
00001110100100100010010000011001
00100000110010111000011111000111
00001001001000000010001010111100
01100001110101101100100101100011
10000100011001000111000010111010
01011110001111000000001001001110
00010000100000010011100011000001
01110110110101101000011100010110
00100010100100010001000001100000
10000010010010100110101000111101
10001001010101000011000100000110
01101101000010011001111101101010
01000110111000100000000110101100
00010000000010101101110011000101
10111001100100100110101101111011
10001010110000000100101010001100
11000000101110011111101000110110
00110110000011000001011011100010
01000011011001101000100001011001
01010010101000101110010100001000
00010100001100100000011110111010
11101011100000001010101010100010
10100110110001000001001010100100
10100101001110001101111101000010
01000100111011000001000101001101
10010111100001011110011011001001
00011001011101101011000101000101
00101100110100101101101011010101
11110111101111100110111000100001
------------------------------------
10101111010000111010111011110111
11011001101110101101100010010101
10110100101010110110011110110110
01101000111011011010100001101010
01001101000001001011101010010100
01110101011101110110010101000011
10010110100110010011101110011100
01110011000011010100100010000101
11000101000000110100111010110001
10101101001111101110001010100000
10101001001000001001001010111000
11011001001001110111101101001110
01101101101111010100100110000011
00110110110000110000111011110101
11010010011111101110000010010101
10111011100000010001101001010011
11001100110011110110011000111110
01100101011110001001010110000001
10100101001010111001010010110011
00101111010001100001010110100101
10100000111101011110100100010101
10111000100110010010111101010111
11001101110011010010100011100000
01011001010101011001100001010111
00010010011101101011010101000101
10011000000110111010110110001101
01101010110000000110000010011001
11001010000100111100111010110001
10011000111100100010101000101110
11000110100001000100110010110010
01100010001011001010010110010110
00010000011000011011001101011101
------------------------------------
11100000111111000111100100001000
00100100010001010010011101100010
11001101000100000001100010000000
10010111000100100101001101001101
10110010110110101100010101011010
10000000010010100001111101010010
11101011000000001100010001000110
10001000011100100110010001111000
00111010101010001011000001001101
00001010110100010001100000111001
01100100010011011110110010000110
00100110110110001000010001000001
10000010010000100011011000110110
11001011000000000101001100010000
01101100000000010100100100101110
00000101011101001100111001100100
01100000100110101010100011000001
10011010010000001010001000101110
10010010101001000010101101001010
11010000101011011110110001001000
01011111000010100001011001101010
01000010011001101101000010101010
00110010001000101000011010101011
11100110001010000110101100001000
10100101100010010100100100111010
10100100111001000100011000100010
10010111010010101001001101100010
01001001010111010011100001001110
10100101000010011000010111010001
00110101011100001111001100001101
11011001010101000001110001001000
10001111000100010100000011000011
------------------------------------
01011110010101001100111010111111
01010011101000111001101001001010
00110100111011100011011001111011
01101010001010011100110110000101
01010101101011010011101010010101
01111111001101010010010000100101
00000000111010110110101110110101
00110111100101100001101010000011
10000100010111001000101010000010
11110110100010101110001011001011
10010011000000100011001101100101
11011001011101110101100110111011
01101101101010101110101011001000
10110100110000001010110101101111
10010111011111011011011011000001
11110000000001110101000110110101
00001111011100000101011100011101
11101001101011110101110011100001
01000010110110011100001010110001
10101011010100100010001110010111
00000000110101011111101001010100
11101100100111010000110101010100
01011001101100001111010001010100
10101000110110101001000001110111
01001011011000111011011010000001
01000010100111000101101011010101
10111000101101101110110010011101
10010010101010101000010000100101
00110010011001100111011000011011
01000110110011010000001011110010
01010100101010111100000110101010
00010000111011100111111101111010
------------------------------------
10100001010011110001010010000010
10101100010110000101010111011000
11000001000100111100000000000101
10011111110110000011101011101110
10101010000001001000011000101010
10000000010010101011010110101010
10111101000011001001010001001010
11010000011100011101010001101000
01110011010000110101001000001101
00001001010101101000110100110100
11000100011110001100010010000110
00010110100010010001001000010010
01000010011011010001000100100001
00101011000101101100101010010001
10101001100010100100001100110010
00001110001101001010001001101110
11110000110010101010000010000010
00010010001100001010001001011010
00110110101001100101111001001110
00101100101010100100010010100000
11111011001001100010010101101011
10010100101010001010000110101000
00100110010001001000100100101011
01000011001001100000110100001000
01110001101010001000010101111010
00011100011000111000010100100110
10100101010000000001000110100001
01101101000111011111001010100010
11001011100100001001010011101101
10111001000000001011001000000101
10100011011011000000101000000101
11101010100100011010100011000101
------------------------------------
11011001001100001110101010111101
01101010011001111010100000100111
10011011001011000011111111101000
01010000100001101000010000011001
01110000011100100111101110100101
01011101110111101100101011010000
10100011001000010010101101010011
00101110100011100010101000000001
10001000101110011010110111110011
10101011101011010011011100010010
00111000000001100001100011011001
11100011110101001110111010001000
10011100101000011010001100111010
11010101011110000011000111100110
01010110010100111001110000011100
01110011110110001100010010000011
10001100001011110100010111100000
11001001110100010110110100101101
01001101010011010010000100110001
11000011010010011011101100011110
00101101010110001100101000100010
00001011010001110101101011011011
11110001011101010111011000100101
10011001010110010000101011101101
10101110010011110111001010010110
11100011101100000101101011010001
01011000100111111100101001001110
10000010111000000010101001011010
00110110001001110110101101010110
01000001101111010100110110011001
01011000010000110111010011101010
00001111011111101101011100111010
------------------------------------
10101111110101010101011110001011
00100000100100010001010001000000
00001000111000101100100000011110
00100100000110011001001111000000
11010111100001010010010010011101
10100010001000000000011100110101
01000000101111111011000000101100
10100001010100001101011111101000
01110111100000010100101000001000
11000000010110101100100010101110
10000011111000011010011001100001
00011100001100110001000110110101
01100010110111100101100001000111
00101010100000011100011000000001
10101001001011000010000111101001
10001100101001100011101100110000
01010111001100001010101010011111
00111010000110110000100000100001
00100010010000001101110010000000
10100000101001100000000010000010
11010000101101000011010110010101
01110010001000000010010101010100
00000100100011001000100111000100
10000100101000101110110100011001
00110001101100001000100101100101
01001100010011110010000100010101
00010011101000000011110100000001
11110100000011101000000101001001
00011000110010001101010010101001
11000110010100001001001010100000
10010011001111000001100100010111
11110101000000001000100111000001
------------------------------------
01100001001011101000110001110110
11011110011010101111101111011101
10110011000110101000011000000001
11101101111100100111110010111111
00001000000011100100001101100000
01111011101110010111100011001011
11000000100000000000111110101001
10011110110011110101000001000101
10100010011110101011010101010111
10011101100001100010101011010000
01110110000011010110101110011111
11000100110010101010001000100010
10011011011000001001011011111001
10010001001111110101110010101110
11100001110101001100100010000011
00101010010000011000001001001110
11100000110011101011010000100001
10000010101001001010011111011110
11011001101101101010101001010011
01010011000110110110011001011001
10010110101010001101110101101011
10001101100110111001001000101001
10111010100100100011001000111011
01100110000111100101011011000010
11000101011000000101000110111010
10111011110001001101111001101010
11101100011001111000001011011010
00010111010100010111111010110110
11101001010111110010010101100101
00111101101000000010001101010111
10000000100000011110001001011000
01000110111111110001111001101111
------------------------------------
10011101110100000110101011011000
00100001010101010010010000000011
00001100111001011010100111111110
00010000000011010001001101000000
11110101111000001010101010001111
00000100010000110000011000110010
00111110010110011111000001010001
01100011000100000010101010110010
01011001100101011001011100101010
01100100101000010000010000101011
10000001001100000011010001101000
10111011001011011101110111011101
00101010100101110110000100000110
01101000110000000010100100100001
00011010001000101011011100001010
11010011100111010101110011011001
00011100001101010100001101110101
10100101011010010101100000000000
00101100010100010001010010100100
01000100100001011001100110000110
01101001011101100000001000010100
00000010110001000110001100010010
11000111011011001100100111000000
10011001110000011010110001101101
00001110101011101010101100000001
01000000000010100110000110000101
00110011100110000101110100100101
01000000100100101000000011001001
10100110110000001001100100011000
11010000001111111001010010110000
01101111011010100001110110100111
10111000100100001111001101011001
------------------------------------
10100110101011111011011100000011
11110100000110001101010011111100
10010111100101110101101000000001
11011000010100001100110100011101
00001111000101111011100011100001
11111001101101000001010110101001
10000010101001100001010101001000
00011101011010111100110110001110
00110110010011000110101010010100
00011011010001110011101110010101
01001101010111011100000101010100
01000100010100100010001000000101
01100101110100001001111011101001
10000111000111011100101001011101
11010101001010110100100001110101
01001010111000101100010110000101
10000011000010101011100100000110
01110001101011101000110100111011
11010010000010001110011110101101
10011000111110100010010000101001
10101111100000010011101111101011
11100000010001011100110001010110
00001101000110110011011000101100
11100110011101100010101110011010
01010001000001001000000011010101
11010111111100011001111001101110
10001100001010110001001000100010
11110110101001100111001001101011
01011010001111010100101000100001
10001110100000001100011010001111
10100001010101011001000001111000
11000011001011100010110100000011
------------------------------------
10011010011101010110110111111101
00000011110000100000101100000101
00101000001011011000001001101101
01100000010010100011101011001010
10110100010000000100001000011100
00000100110010011010001001000110
10111000000010010111101001100011
11000000010101000000001000110001
01000000100100111001000101011011
01100100101110001101010001001010
10100010100010000100111000101011
10110010001000100110010011111001
11010000001011110001010110000110
10110100111000001001000000000010
00101000101010101000011110000100
10101110000111010011101001110001
11110001011101010100111001011001
10001100010010010101001011000110
00010011111100110001100010011000
01100110000000101101011011010110
01010000010011100100010000001000
00011111001110010000000000111001
11110010111001000001100101100010
00011010100001011100000001001011
00101010111110110111111100010110
00011001000011100000000100010001
01110010010100001110000101011101
00001001110011010000110110100101
10100101000000011001011011011110
10110000111011101011100101110001
01010010100110100110111110000110
01011110111100111101101011111101
------------------------------------
01110101100110000001000000000011
01011010000011111110001011110010
11001010111000000011110110010010
10001100101001111000010101110111
10010011101111001111010110100001
11011010000000110001110010110001
01100110111110101100001010011010
00100101100011011011110111001101
00110111011101010010011100110100
10010100100001001010100001100101
10011010011101110011010111010101
00001001110110011001101100000110
01101111001010001110101001110011
01000000100011110010101111011101
10011111010100010011100001101011
10000001100000110100000100001110
00101110100110101011010110110001
01101011101000101110110000101001
00101100001001001000000000000111
10100101010111000011100101000100
11000011110100000110100111110101
00010000100011100101100101000111
01001101000100001110101100011101
10100101011011100011010001100001
00100101000001001000001010101100
11110100010100011011000010100110
00000111010100000100111001100010
00101010000100111110101001011010
00111111010110000010010100000000
01000001001101010101001100001101
01001100010010000000100010100010
10101010000011010110001101010010
------------------------------------
10001110111001111111111111111010
10000101101100000001000100001001
00110001000110101000001000001101
01100111010010000111101010000001
00110000010000010000101001011110
00101100100111000010000101000101
01001001000001110011111101100100
10011010011000010100001000110010
11001000110100100101000011001011
10001010101010010101101010011010
01100011100010010100110000010010
11010110001001100110001011110001
10010000011001010001010110001100
10000111010000001000010000100010
10001010110111101101000100010001
01110100010101000100111011100001
11010010011001011101101010100110
10010100010111010000001101001100
11010101110100110111110111110001
01011001001100101100011000011010
00110100101011101000001010001011
11101110011000011010011000111000
10000100010111110001010011100001
10111011110100001101011110011110
11001010001100010001100000010011
00101011101011101110111110011001
11011000101010111011000010101101
01010110101011000001011010110101
11000000111001100101100010011011
10111110000100011110110011000110
10100011010101110011010101111101
11101101111100101101110110101011
------------------------------------
11100101000100100000001000010101
00111010011011001011010011010000
00001010100000111110010110000100
01001000111011000010010011111101
11001110001001111100111000010001
10000001111000000100001111010000
10110001000110001101010000100111
10010111101011101000000000001001
00010100000010101011110001111101
01100101011110101000011100100101
01011101010001101011000110100101
00110000110111001010000010001101
01101111100100111001001000110101
01011000010111100111011111100111
01110100101000000010010101010000
10000111001100111010000100011010
00001001010010100010000111000010
01101011000100101110110000101010
00101010100010001000001000001100
11000010110001010001100101100110
10001011010110110100101011010100
01011001100100000111100000010110
01010101001010010010001100011010
00001000001000101010000000000001
01110010110001111001011010101100
00001100000010010001000001100110
10000111010101100100111101000010
10110001000100011101010001000110
00101101010110110010011001101000
00001000110010000101001100111001
01010100000010000000000000000011
00001010100011100011011000100100
------------------------------------
10011111110111011111100111100111
11000101000101110000101100101101
01110110111100001001101010111011
10010011000010110101001100000010
10010010000100000001010111100010
01110010000111110011100000101110
01001110110000010000101111011000
01101001011010010111101001110101
11001010101100010100001110000100
10111011100001010111100011011000
10100010100110001000111001001000
11001110001000110110001101010011
10000000000011000100110111010010
10000101101000100100101000011000
10001101011101011000101010110111
11101000110011001001101011100101
10111000101110000001011000011101
11010100111000100101010011110001
01000010000011101011011010001011
00111101010001001010010110100001
10100101001001000010010100101001
10100110110100111001010111001101
00100010011101101101111001100001
11100110100011000100001100111101
10011101101110000110010110001011
11000011011000011001011010100000
01111001010110010110001010101101
10001110011011000010110110111001
10100010001001001110001101010001
11010011001101101001110010000011
01011101110100110111011101110000
11110110011101011100100111011111
------------------------------------
01110100011000100000010000011001
00011011000010000101010011001010
10001000010011100110010000000000
11101001100100101100000011100101
00000010000111101010001000011101
10101100111000001000001110100001
10010101100111101111010000100111
11010100010101001000010110000010
00011011000101001011110001111011
01100000110001011000001100100101
00001101001100010110000010101011
10111001111011010101110010101100
01100001001110110001010001001011
01011011010011010101001100001000
01110010110101010011010001100010
00000011001100100110010010001100
11010101010001101100110011100001
00000101000111011010100100000110
01101101101100010000101101110100
10000010101010011001001001011100
01011010111011100011100101010110
10001000000010001100010000010000
11000101001010010000001110011110
00000001101100001011100001000010
01100010010000111010101101110010
00011010100010101000100001011101
10100010101001101001110001100010
01000100100000100001001010000110
10111001000110010001110100010011
00001100110010011100001110101100
10000100001011001010000010100111
10101001100010100001101000101001
------------------------------------
10001000000001101110111110101000
10100100111011011011000010100111
10111011101100010101001011011101
00000110011011010011011101010001
01111101110000010010010101110010
01000011001110010011110100011110
01101010011000010000001110100000
00100011100000110110110010111101
11100100111000100100000111000101
10011100001110100101110100011100
11110000110011100011011110010010
00000110000000010000001001010011
10011010110001001110101010110000
10101000010001101010110011100111
10001100000110001100010110011101
11111010011010111000000101110011
00001100010110000110001100001110
11110010111001100011011011111001
10010010000000010000010010000111
11011101110001000111010010100001
01000110000101011100011010101001
01101011101101010011101110101111
01001100110100010110110000100001
10100000010101110100011110101001
11011101110001000101100010101101
01110101001111010110001110100011
10001101101000110010001000001101
01111011001111011010001010111011
01000101110001101010011001100100
01101010011010100011100101011010
10110011101000101000110001000010
00011110111010111111011111011100
------------------------------------
01111100101010110000100001110111
01000111000010100100111101011000
01010000010010100110100100000010
11011000000010100100100000101110
10000010001010100101001000001001
10110100000001100100101011100001
10101001110111001101000001001111
11001000011100001011011101000010
00000111000110010001001000111010
11101010000001000000001011100011
00001011101100000000100001010101
11100100111011100111110111101001
10100101000110110100000101001101
01110111001100010000101100011000
01010100111001110111001001100010
00000100100101000010011011000000
11101011100101111000110010110000
00000110000010001000100000000100
01101101111101101111100001001100
00100010000110110000001101100010
00111001110010100011100101011010
10010100011010101100010001010010
00010111000011101001001111000001
11110001100100000011100000011110
00000010001110111000011101010010
10001100100001000100110001011100
10110010010010101001100001000101
10000000110100001101000011000000
00111110001010010001100010010111
10010001100101011100011000110101
01001100010110100011001110011101
00100001001010000100100000100011
------------------------------------
10000111111101001111011011000100
00111000100101001001000000001110
10101110110101001001011110111010
00100010010101001011010001100000
00111011101101101001110011000111
01001100111010011010001110011100
01010110000010110110111000110000
01011011100101100000100010010001
10100100111001011101100111001011
01010101101101110100111100001000
10110010000100100110001010001101
01011000000101011010000100000110
01001011110000101001110010111010
10001000001010001111010001100010
01001011000110000000110100011110
01011010010100101101100100010001
01010001011000100111001010011110
00011000101110100101011011100011
11001011000011010000001100110001
10000010000100001011110110011101
10000110010000011110010010000101
10101011000000010001011010000101
11101000101010011011001000111100
00001111011010101100010110100011
10111010010000100111110010101101
00100010110010111000001110100011
11101010101111001110001010111010
01011110101001110010101101001110
11010000101110011110110100010001
10101110110011000000010111000110
11001011010101011110010001100000
01111101110101110011110110111110
------------------------------------
11111000000011110000010100011101
10000111011000010010010111110001
10010001001010010110100001000101
10010101101010110100101110001111
11000100000011010110000000111000
01010000100100100011010001100011
10011000101101010001000101011110
00000001010101011011010101101000
11111010100100100010011010100101
10001010010000100011000010110110
10101101001011000101100110010011
10100111111000110000111001110001
10101000001111001101001011001101
10100101110001110000101010101001
10100101001010010101001011010101
10100101110001010110011101101011
10101000000111010000010100100001
11100111100001010101010000011100
00000100110100010110010010000110
01101101011011110000001010100010
01011001101110001001101000011010
00110010100000101010100010100011
00000111101101100101110011010000
11110000000101010011011001001100
10000101100111011000000001011010
11001100001001010111010000001100
00010001010000010101110111000101
10101010010110001010010000010001
00110101000001100001001011100000
01100001010100111110001000111000
00010000101010100001101110001111
10100010001110001100000011000001
------------------------------------
00001110111100101111101100001011
01110010100111001000111000000110
01000010110001101010100011011001
01111110011010011001001001100010
00100001101000000101011100001100
10101101011011111010110110001001
10101011010010101100101100110001
11100010011010100100101010000011
00001011001010011101101101001010
01110001111011010000101001101101
01010010100101011001001100001010
10000000000111101110100011001000
00100001100000110010110000100010
01011110011110001010100101101110
01010010001001001011010100000010
10001010001111101001101010111101
01011110110000101010100110000110
00010000011010101100101101110011
00101010000111100001101001000001
00100011000100001111011001101101
11000110010001110000110110101001
10001101011111010111000100111000
00111010010000100101010100000011
01001010011010100000100110110101
00011001001000101100111010010010
01110101011100100001001011100110
11011101000111101000001100100000
10100001010010001001110000111111
00001111111001011101001010001001
01011010001100010001100011000001
01010000100111011000110101110000
11011111100001110101011100010111
------------------------------------
10110101000011001000000010000001
01000001011000000111000011110100
10111100100101010101011100010110
10000001000101100110110110010100
00011110110100110011100011010011
11010100100100000100000001010110
01000100101111001001010101000101
00011101100000100011010011011100
11110100110010010010010010010011
10011010000101000110100110010101
10001010011110010100110011110001
01110101110000000010011100000111
11011111011011101101000111011101
10100000100000101001011100010001
11001011010110100000110000011011
01110001110010010110000110000000
01010000011000100011010000110101
11101111000011000001011010001100
01011001100000001100010010111011
11010110100100000100101100000100
10110001101110000011000011010101
01100001000000011010111001000101
11001101001000101000101001101100
10110101100111011110100000101011
11100110110101000010001001101001
00011010100001011110110100011001
10100010111010010001101001001111
01011110101101110110000111000000
11110000000110101010110101110011
10001101110011100110001100011010
10100111010000010100000000001011
10101000011110100111110111011010
------------------------------------
11100011111101110111101110111110
10111100001011010000111000000011
11000111011010011011000011001001
01010001110010101001001001001101
01101000001010011010001100100101
00100101010011100101110110110000
01110011001000110100101010101010
10001010010111011010000100100010
00010010011101101101111001101110
00100110100010101001001001001000
11101100101001101011001100001011
00001000100111011001100000101000
00100000000100010100110100010010
00100111100111010101010011100011
10111100110001010110001110101100
00001010001001010011111001100111
01001110100111011100000111010001
00100000011100000110000100110001
00100110010011111010010111001101
00001000010010000011100001110010
11001001010010111100111100011010
10011010110101100100000110101010
01010010011111010111011010010001
00010010000000000001010110010010
01000001001011011101110101000110
01101100011010100000001111100100
00100011000001101101010000110000
00001000010010000101110010011110
00000111101100001000100100000100
01110000100000011001101011101001
01001000011011100001001110100001
01111111000010011010100000101101
------------------------------------
01011110000110001101011001100001
01000011110100100110000111011101
00101000100101101010110100110110
10111110010100110100100111101010
10010011101101100101111000011010
11011001011000011111000011001011
10001100110111001010011101011101
10110101101100100111110101010101
11101101000010110010000110010001
01011001010011010110100101010111
01010101011110010100110101010100
11010101001000100110011101110111
10110101110011101011001000101101
11011000011000101001001100011010
00000011001110101101110001010011
11100110101010101000000111011000
10110001111000100011111000101101
11010101000011111001010011100110
01011101001100001001010000111010
11101011101001111100011110001011
00110110101001000010000011100001
10100101001110011011111000101001
00101101100000110000101101101111
11101010111111011110101001010101
10011011010100110001001000111000
10010001110111101110110000010111
11011100000010001010101111011001
01100111110111110010101001100101
10111000010010101011011010111011
11001111011101100010010110010110
10110101100101011111010001011100
10101010111101110101011111100011
------------------------------------
