20
20
20
554
7035
10100100101111001111
01010111001000111000
01110001111011000010
00011001000010011110
11010011011110110100
10011010110010011001
10101011101010010011
00110100011011011000
11001011110110001011
01011100001101011010
01010110111010110000
11010100100000011111
10010111000000100001
11010001100111111111
01011110111101000100
01100011000000100001
10110101010110101111
10011011001100100101
10101110011000110000
11110001010101011111
------------------------------------
11111011110001111000
10001010010111000111
10001101000100111101
11100110011101100001
00101101000001011011
01100100001101000110
11001000110101100101
10011110000100100111
10110010010000010000
00100011010001100111
10101001000111000101
00101011101010100010
10101000100111011010
00101110011000000000
10100000000010110011
00011100111111011110
11000110010001010000
01100100110001011100
01010000101101000111
00011111100111010001
------------------------------------
10001101011110101111
01110100101000001000
01010001000110100010
00111010110000000010
11000000101100101000
10011101101010101001
00110001000110011001
01100101111000010000
01010100001011110111
11000101101110000001
10101110110000111000
11000001001111101101
01011100011000110100
11010011010011010111
10100100011001001001
10110101100000100101
01010000101100111001
00110110000010100001
10001000101010100010
11110101011000100100
------------------------------------
00100100001000000101
01001011110111110000
10110110011001011011
10000101101111001100
01010110000000110111
01100010010110001001
01001110111000100010
10011000000101101110
10101011110100000000
01011000010001111111
01010000000111000001
10011110011000010101
10100011100111011011
00101100100101100000
01001011100110111110
10101010011011001010
10001011000110100110
11001001011101011101
01101111010011010001
10010010110110011111
------------------------------------
11110111110111111010
10011000000000001111
11001001010110100001
01101010000100110011
10110001111000010000
10011101001101110010
11100010101011001011
00100101011010111001
11110100010110100011
00000111101100000000
01000010111001101110
01100000100110110010
00110100011001000110
10010111001000010101
11010000000011010001
01000101001100010101
01100000111001001001
00110110000001101010
10100000001010100110
10001100101101100000
------------------------------------
10000101000100000101
01010010000111100000
01001101100000101110
10100110111011001010
11000010001001101101
01101001010100000100
10011101010000110100
11000101101101010101
00011010101000001100
11100001000011111011
10110100000110000100
10001111010101000101
11001001010100111000
01101001010111101011
10101100101000001000
10110101111011101101
10011101000010110100
11000010111110010111
01011101100000011001
01110111011010101111
------------------------------------
10111010111011110111
00101111101000011101
10110000001101010001
10010011010101110101
00011101100110010101
10100110100011011011
01100010111110101010
00111010000001011010
11000110101101000011
00011100100000000001
01010001111001111001
01001010101001001101
00110000100011000011
10010110111000010101
01010010001011010011
00000000000100010010
01100011110101000010
00011010000001101000
00100010011100000110
10001000000011110001
------------------------------------
00000101000100000010
11010000010100101001
01001111100011101100
01001000110010000010
01100110011001000010
11011001001100110010
10101100000001010101
11001001110111100101
01111001010010111010
10000011011110001010
00100110100100000110
01110101011000110000
10010110010110101010
11001010000100000110
01101001110110111000
11010111011011101101
10110100101100011011
10101101010100101001
10101001110011111011
11101111011110000110
------------------------------------
11101111000011111101
10111001110110000110
00010000011100010011
01011000000100011101
10010001100001110101
01000111001001001101
00110101011010101000
10000110001010011111
00000100101001000001
11110100100101111001
10011001011001000001
11001011110011001111
01101001000001101000
00110010111010111001
01011110001000000111
00000000100000010001
00011010100011100100
11000010101101010110
01000110001010000100
10110000100000110000
------------------------------------
10000100110101000011
01001010000010111001
11100111000101101001
10100101111011010010
10101110010110100010
10111000110101011011
11000100100101100110
01111001100100100000
00001011000110111110
00101010101010000100
00000110100110111101
00110100000100100000
10001100111101010101
11000001010011000110
10100001010110101010
10011101010001011100
11101001011110010111
00110011100010111001
11011001001001100011
00001100101111011110
------------------------------------
11100011011111110001
00001001010000000100
01011000110110001100
01010010000000000101
01010001100011011100
01000011000000000000
00111010100110110101
00000110011001010111
01110100000101000001
11001001011001110011
10111010110010000010
00100001101010111010
10110011000100010011
00011101001000110101
10100110101001101001
00110010010001000011
01010110100001101000
00001100010111010110
10100110110100001000
11111011100000110001
------------------------------------
00011101100000101110
11110110101111011010
10101010101001110011
10000111011101001001
10110100100100110011
10010100110111101110
10010110011000001001
01011001001011101000
01001001011010101010
00110111010110001010
10000100001101111001
11001100011001000101
10000001010011001001
11100110110110101110
01011001101100010100
11001000101010010110
10111001101010101101
11010101001000001011
00011001101011101101
10000110001110100111
------------------------------------
10000110001111110000
00100000110000100001
00011100000110001000
01100000010010101011
01001011100001001000
01101010001010010001
10100100001001010110
10100001100010000010
10110110101101110001
11010010101001010001
01010101100010100100
10010011000110011110
00011110101100101010
00100000000000010000
10010100011011101011
00110111010100111001
00001010000110000011
01001010110011110100
01100110010100010001
00110000110001011100
------------------------------------
11110001110010101111
10011111000100011001
11100000111101010111
00101111100001110100
10011000011111001111
10010100110000011001
11011011100111100101
01001110011100111011
01010001010010001001
00001101010101101110
01100110010101000011
00101100010101100101
10100001110000101001
10011110011111110111
11101011100000010100
00011000101111100100
11100100110000110100
10110110011100000110
10011001100100101010
11101111001001101011
------------------------------------
00011100010001010000
11100000110111001011
00011111000000101000
11010000011111010011
01101011100000010000
10000110001111100110
00100100001000011100
10110001100010000000
10000110101011110101
11110011001010010001
10011001010010001000
11001001100100011010
01100110001111010110
10010101100000000000
00110000011011101010
10000101010000001011
10000111010110101001
01010000000101101001
01101000101011010101
10110000111110110101
------------------------------------
11000011101111011101
10000100101000110101
10000100011111100110
00001111000000001101
01000001011111101001
01111101010000111010
01001001010111000011
01101100011001111010
00101011101100001110
00001100110101110000
10100101001100010111
00110110011011110101
10011001110010001101
01101011001011011011
01001110100110010010
01100001101101010100
00111000001010010110
01001101111010011010
10010101000000001010
01010111001001101110
------------------------------------
10111010100100100010
01101011010011000010
01011001100100011001
11010000101011100001
10111110100100010100
10000010101011000101
10110010101100111100
10101011100110000001
11010100000010110001
01011000011010101010
01000100010011100101
11011011100000000010
10000110010101110010
10100100101100100100
10110001011001100010
10011110110101001101
11000011000101001001
10110010000010000101
10101010011011100101
11100001010100100001
------------------------------------
01000100010000111011
10000100111110101101
10100110010000110111
00101011001110010010
01000101011011111011
01110001010101010001
01010100010010100011
01000101011001110110
00010110110101000101
10000000101101011111
10111011101000001000
00101010001101010111
00110000100110010101
01011001110000101101
01100111010111011001
01001000000010110001
00000100111010101110
01101100101100110010
01001010100101010110
00101110110111011101
------------------------------------
11111010011111000110
10101001000001000000
01101001110111001100
11011100001001100101
10101011100100010010
10001100010110001100
11000111101011101010
10111000100010001000
10101010011010111011
01101101010010100000
11010100000110101000
10010101110101101000
10000111011001001010
10001000001111000010
10011010100000100010
10110011111111001110
11101101000001010001
00010001010101001101
01010101011010100000
11010101010000000011
------------------------------------
00100111100100111001
11011010111000101111
10010110001100110001
00101011110110011011
01110110011011001101
01011011101001110101
10110000011010010001
01000111101101110111
11010101010101000100
10110001001101010111
00100011111011010100
01010010001010010111
01111000100110111001
01010111110000101101
01100100100000110101
01000101010001010101
00011010001110110011
11101010011010011010
10101010100010101011
10111011101111111010
------------------------------------
